{
 "cells": [
  {
   "cell_type": "code",
   "execution_count": 6,
   "id": "63513b8b-4be4-46d4-8b27-357669bbea62",
   "metadata": {
    "tags": []
   },
   "outputs": [],
   "source": [
    "import os\n",
    "import sys\n",
    "import errno\n",
    "import subprocess\n",
    "from configparser import ConfigParser \n",
    "import numpy\n",
    "from math import sqrt\n",
    "\n",
    "def halfarDome(t,x,y,flwa,rhoi):\n",
    "    # Input: t - time in years\n",
    "    # Input: x - 1-d array of cell center x-positions\n",
    "    # Input: y - 1-d array of cell center y-positions\n",
    "    # Input: flwa - flow law parameter A in units of Pa^-3 yr^-1\n",
    "    # Input: rhoi - ice density in kg/m3\n",
    "\n",
    "    # Initial radius and central thickness of dome\n",
    "    R0 = 60000.0 * numpy.sqrt(0.125)\n",
    "    H0 = 2000.0 * numpy.sqrt(0.125)\n",
    "\n",
    "    n = 3.0\n",
    "    grav = 9.8101\n",
    "    alpha = 1.0/9.0\n",
    "    beta = 1.0/18.0\n",
    "    secpera = 31556926.0\n",
    "    Gamma = 2.0/(n+2.0) * flwa * (rhoi * grav)**n\n",
    "\n",
    "    xcenter = max(x)/2.0\n",
    "    ycenter = max(y)/2.0\n",
    "\n",
    "    t0 = (beta/Gamma) * (7.0/4.0)**3 * (R0**4/H0**7)  # Note: this line assumes n=3!\n",
    "    tr=(t+t0)/t0 \n",
    "\n",
    "    H=numpy.zeros((len(y), len(x)))\n",
    "    for i in range(len(x)):\n",
    "        for j in range(len(y)):\n",
    "            r = numpy.sqrt( (x[i]-xcenter)**2 + (y[j]-ycenter)**2)\n",
    "            r=r/R0\n",
    "            inside = max(0.0, 1.0 - (r / tr**beta)**((n+1.0) / n))\n",
    "\n",
    "            H[j,i] = H0 * inside**(n / (2.0*n+1.0)) / tr**alpha\n",
    "    return H.astype(numpy.float32)"
   ]
  },
  {
   "cell_type": "code",
   "execution_count": 7,
   "id": "58206aff-5c88-49d0-b5ef-1d3e6f7f88d4",
   "metadata": {
    "tags": []
   },
   "outputs": [
    {
     "data": {
      "text/plain": [
       "array([[ 9.396618 ,  9.426937 ,  9.455678 ,  9.482775 ,  9.508155 ,\n",
       "         9.531743 ,  9.553457 ,  9.573213 ,  9.590921 ,  9.606496 ,\n",
       "         9.619851 ,  9.630905 ,  9.639586 ,  9.645834 ,  9.649602 ,\n",
       "         9.650861 ,  9.649602 ,  9.645834 ,  9.639586 ,  9.630905 ,\n",
       "         9.619851 ,  9.606496 ,  9.590921 ,  9.573213 ,  9.553457 ,\n",
       "         9.531743 ,  9.508155 ,  9.482775 ,  9.455678 ,  9.426937 ,\n",
       "         9.396618 ],\n",
       "       [ 9.426937 ,  9.4578285,  9.487156 ,  9.514853 ,  9.54084  ,\n",
       "         9.565039 ,  9.5873575,  9.607703 ,  9.6259775,  9.64208  ,\n",
       "         9.655914 ,  9.667384 ,  9.676405 ,  9.682904 ,  9.686827 ,\n",
       "         9.688138 ,  9.686827 ,  9.682904 ,  9.676405 ,  9.667384 ,\n",
       "         9.655914 ,  9.64208  ,  9.6259775,  9.607703 ,  9.5873575,\n",
       "         9.565039 ,  9.54084  ,  9.514853 ,  9.487156 ,  9.4578285,\n",
       "         9.426937 ],\n",
       "       [ 9.455678 ,  9.487156 ,  9.517092 ,  9.545414 ,  9.5720415,\n",
       "         9.596886 ,  9.619851 ,  9.640833 ,  9.659721 ,  9.676405 ,\n",
       "         9.690767 ,  9.702701 ,  9.712102 ,  9.718885 ,  9.722983 ,\n",
       "         9.724355 ,  9.722983 ,  9.718885 ,  9.712102 ,  9.702701 ,\n",
       "         9.690767 ,  9.676405 ,  9.659721 ,  9.640833 ,  9.619851 ,\n",
       "         9.596886 ,  9.5720415,  9.545414 ,  9.517092 ,  9.487156 ,\n",
       "         9.455678 ],\n",
       "       [ 9.482775 ,  9.514853 ,  9.545414 ,  9.574385 ,  9.601681 ,\n",
       "         9.627207 ,  9.650861 ,  9.672527 ,  9.692085 ,  9.709404 ,\n",
       "         9.724355 ,  9.736806 ,  9.746637 ,  9.753743 ,  9.758041 ,\n",
       "         9.75948  ,  9.758041 ,  9.753743 ,  9.746637 ,  9.736806 ,\n",
       "         9.724355 ,  9.709404 ,  9.692085 ,  9.672527 ,  9.650861 ,\n",
       "         9.627207 ,  9.601681 ,  9.574385 ,  9.545414 ,  9.514853 ,\n",
       "         9.482775 ],\n",
       "       [ 9.508155 ,  9.54084  ,  9.5720415,  9.601681 ,  9.629671 ,\n",
       "         9.655914 ,  9.680299 ,  9.702701 ,  9.722983 ,  9.741003 ,\n",
       "         9.756606 ,  9.76964  ,  9.77996  ,  9.787436 ,  9.7919655,\n",
       "         9.793483 ,  9.7919655,  9.787436 ,  9.77996  ,  9.76964  ,\n",
       "         9.756606 ,  9.741003 ,  9.722983 ,  9.702701 ,  9.680299 ,\n",
       "         9.655914 ,  9.629671 ,  9.601681 ,  9.5720415,  9.54084  ,\n",
       "         9.508155 ],\n",
       "       [ 9.531743 ,  9.565039 ,  9.596886 ,  9.627207 ,  9.655914 ,\n",
       "         9.682904 ,  9.708059 ,  9.731246 ,  9.752316 ,  9.771105 ,\n",
       "         9.787436 ,  9.801129 ,  9.812008 ,  9.819911 ,  9.82471  ,\n",
       "         9.826319 ,  9.82471  ,  9.819911 ,  9.812008 ,  9.801129 ,\n",
       "         9.787436 ,  9.771105 ,  9.752316 ,  9.731246 ,  9.708059 ,\n",
       "         9.682904 ,  9.655914 ,  9.627207 ,  9.596886 ,  9.565039 ,\n",
       "         9.531743 ],\n",
       "       [ 9.553457 ,  9.5873575,  9.619851 ,  9.650861 ,  9.680299 ,\n",
       "         9.708059 ,  9.734021 ,  9.758041 ,  9.77996  ,  9.799592 ,\n",
       "         9.816736 ,  9.831178 ,  9.842701 ,  9.851104 ,  9.85622  ,\n",
       "         9.857939 ,  9.85622  ,  9.851104 ,  9.842701 ,  9.831178 ,\n",
       "         9.816736 ,  9.799592 ,  9.77996  ,  9.758041 ,  9.734021 ,\n",
       "         9.708059 ,  9.680299 ,  9.650861 ,  9.619851 ,  9.5873575,\n",
       "         9.553457 ],\n",
       "       [ 9.573213 ,  9.607703 ,  9.640833 ,  9.672527 ,  9.702701 ,\n",
       "         9.731246 ,  9.758041 ,  9.78294  ,  9.805766 ,  9.826319 ,\n",
       "         9.84437  ,  9.859664 ,  9.871937 ,  9.880932 ,  9.88643  ,\n",
       "         9.88828  ,  9.88643  ,  9.880932 ,  9.871937 ,  9.859664 ,\n",
       "         9.84437  ,  9.826319 ,  9.805766 ,  9.78294  ,  9.758041 ,\n",
       "         9.731246 ,  9.702701 ,  9.672527 ,  9.640833 ,  9.607703 ,\n",
       "         9.573213 ],\n",
       "       [ 9.590921 ,  9.6259775,  9.659721 ,  9.692085 ,  9.722983 ,\n",
       "         9.752316 ,  9.77996  ,  9.805766 ,  9.829553 ,  9.851104 ,\n",
       "         9.870162 ,  9.88643  ,  9.899582 ,  9.9092865,  9.915251 ,\n",
       "         9.917263 ,  9.915251 ,  9.9092865,  9.899582 ,  9.88643  ,\n",
       "         9.870162 ,  9.851104 ,  9.829553 ,  9.805766 ,  9.77996  ,\n",
       "         9.752316 ,  9.722983 ,  9.692085 ,  9.659721 ,  9.6259775,\n",
       "         9.590921 ],\n",
       "       [ 9.606496 ,  9.64208  ,  9.676405 ,  9.709404 ,  9.741003 ,\n",
       "         9.771105 ,  9.799592 ,  9.826319 ,  9.851104 ,  9.87372  ,\n",
       "         9.893887 ,  9.9112625,  9.925451 ,  9.936024 ,  9.942571 ,\n",
       "         9.944791 ,  9.942571 ,  9.936024 ,  9.925451 ,  9.9112625,\n",
       "         9.893887 ,  9.87372  ,  9.851104 ,  9.826319 ,  9.799592 ,\n",
       "         9.771105 ,  9.741003 ,  9.709404 ,  9.676405 ,  9.64208  ,\n",
       "         9.606496 ],\n",
       "       [ 9.619851 ,  9.655914 ,  9.690767 ,  9.724355 ,  9.756606 ,\n",
       "         9.787436 ,  9.816736 ,  9.84437  ,  9.870162 ,  9.893887 ,\n",
       "         9.915251 ,  9.933877 ,  9.949291 ,  9.960938 ,  9.968239 ,\n",
       "         9.970732 ,  9.968239 ,  9.960938 ,  9.949291 ,  9.933877 ,\n",
       "         9.915251 ,  9.893887 ,  9.870162 ,  9.84437  ,  9.816736 ,\n",
       "         9.787436 ,  9.756606 ,  9.724355 ,  9.690767 ,  9.655914 ,\n",
       "         9.619851 ],\n",
       "       [ 9.630905 ,  9.667384 ,  9.702701 ,  9.736806 ,  9.76964  ,\n",
       "         9.801129 ,  9.831178 ,  9.859664 ,  9.88643  ,  9.9112625,\n",
       "         9.933877 ,  9.953878 ,  9.970732 ,  9.983727 ,  9.992036 ,\n",
       "         9.994909 ,  9.992036 ,  9.983727 ,  9.970732 ,  9.953878 ,\n",
       "         9.933877 ,  9.9112625,  9.88643  ,  9.859664 ,  9.831178 ,\n",
       "         9.801129 ,  9.76964  ,  9.736806 ,  9.702701 ,  9.667384 ,\n",
       "         9.630905 ],\n",
       "       [ 9.639586 ,  9.676405 ,  9.712102 ,  9.746637 ,  9.77996  ,\n",
       "         9.812008 ,  9.842701 ,  9.871937 ,  9.899582 ,  9.925451 ,\n",
       "         9.949291 ,  9.970732 ,  9.989217 , 10.003909 , 10.013624 ,\n",
       "        10.017069 , 10.013624 , 10.003909 ,  9.989217 ,  9.970732 ,\n",
       "         9.949291 ,  9.925451 ,  9.899582 ,  9.871937 ,  9.842701 ,\n",
       "         9.812008 ,  9.77996  ,  9.746637 ,  9.712102 ,  9.676405 ,\n",
       "         9.639586 ],\n",
       "       [ 9.645834 ,  9.682904 ,  9.718885 ,  9.753743 ,  9.787436 ,\n",
       "         9.819911 ,  9.851104 ,  9.880932 ,  9.9092865,  9.936024 ,\n",
       "         9.960938 ,  9.983727 , 10.003909 , 10.020642 , 10.032397 ,\n",
       "        10.036808 , 10.032397 , 10.020642 , 10.003909 ,  9.983727 ,\n",
       "         9.960938 ,  9.936024 ,  9.9092865,  9.880932 ,  9.851104 ,\n",
       "         9.819911 ,  9.787436 ,  9.753743 ,  9.718885 ,  9.682904 ,\n",
       "         9.645834 ],\n",
       "       [ 9.649602 ,  9.686827 ,  9.722983 ,  9.758041 ,  9.7919655,\n",
       "         9.82471  ,  9.85622  ,  9.88643  ,  9.915251 ,  9.942571 ,\n",
       "         9.968239 ,  9.992036 , 10.013624 , 10.032397 , 10.046973 ,\n",
       "        10.05337  , 10.046973 , 10.032397 , 10.013624 ,  9.992036 ,\n",
       "         9.968239 ,  9.942571 ,  9.915251 ,  9.88643  ,  9.85622  ,\n",
       "         9.82471  ,  9.7919655,  9.758041 ,  9.722983 ,  9.686827 ,\n",
       "         9.649602 ],\n",
       "       [ 9.650861 ,  9.688138 ,  9.724355 ,  9.75948  ,  9.793483 ,\n",
       "         9.826319 ,  9.857939 ,  9.88828  ,  9.917263 ,  9.944791 ,\n",
       "         9.970732 ,  9.994909 , 10.017069 , 10.036808 , 10.05337  ,\n",
       "        10.064249 , 10.05337  , 10.036808 , 10.017069 ,  9.994909 ,\n",
       "         9.970732 ,  9.944791 ,  9.917263 ,  9.88828  ,  9.857939 ,\n",
       "         9.826319 ,  9.793483 ,  9.75948  ,  9.724355 ,  9.688138 ,\n",
       "         9.650861 ],\n",
       "       [ 9.649602 ,  9.686827 ,  9.722983 ,  9.758041 ,  9.7919655,\n",
       "         9.82471  ,  9.85622  ,  9.88643  ,  9.915251 ,  9.942571 ,\n",
       "         9.968239 ,  9.992036 , 10.013624 , 10.032397 , 10.046973 ,\n",
       "        10.05337  , 10.046973 , 10.032397 , 10.013624 ,  9.992036 ,\n",
       "         9.968239 ,  9.942571 ,  9.915251 ,  9.88643  ,  9.85622  ,\n",
       "         9.82471  ,  9.7919655,  9.758041 ,  9.722983 ,  9.686827 ,\n",
       "         9.649602 ],\n",
       "       [ 9.645834 ,  9.682904 ,  9.718885 ,  9.753743 ,  9.787436 ,\n",
       "         9.819911 ,  9.851104 ,  9.880932 ,  9.9092865,  9.936024 ,\n",
       "         9.960938 ,  9.983727 , 10.003909 , 10.020642 , 10.032397 ,\n",
       "        10.036808 , 10.032397 , 10.020642 , 10.003909 ,  9.983727 ,\n",
       "         9.960938 ,  9.936024 ,  9.9092865,  9.880932 ,  9.851104 ,\n",
       "         9.819911 ,  9.787436 ,  9.753743 ,  9.718885 ,  9.682904 ,\n",
       "         9.645834 ],\n",
       "       [ 9.639586 ,  9.676405 ,  9.712102 ,  9.746637 ,  9.77996  ,\n",
       "         9.812008 ,  9.842701 ,  9.871937 ,  9.899582 ,  9.925451 ,\n",
       "         9.949291 ,  9.970732 ,  9.989217 , 10.003909 , 10.013624 ,\n",
       "        10.017069 , 10.013624 , 10.003909 ,  9.989217 ,  9.970732 ,\n",
       "         9.949291 ,  9.925451 ,  9.899582 ,  9.871937 ,  9.842701 ,\n",
       "         9.812008 ,  9.77996  ,  9.746637 ,  9.712102 ,  9.676405 ,\n",
       "         9.639586 ],\n",
       "       [ 9.630905 ,  9.667384 ,  9.702701 ,  9.736806 ,  9.76964  ,\n",
       "         9.801129 ,  9.831178 ,  9.859664 ,  9.88643  ,  9.9112625,\n",
       "         9.933877 ,  9.953878 ,  9.970732 ,  9.983727 ,  9.992036 ,\n",
       "         9.994909 ,  9.992036 ,  9.983727 ,  9.970732 ,  9.953878 ,\n",
       "         9.933877 ,  9.9112625,  9.88643  ,  9.859664 ,  9.831178 ,\n",
       "         9.801129 ,  9.76964  ,  9.736806 ,  9.702701 ,  9.667384 ,\n",
       "         9.630905 ],\n",
       "       [ 9.619851 ,  9.655914 ,  9.690767 ,  9.724355 ,  9.756606 ,\n",
       "         9.787436 ,  9.816736 ,  9.84437  ,  9.870162 ,  9.893887 ,\n",
       "         9.915251 ,  9.933877 ,  9.949291 ,  9.960938 ,  9.968239 ,\n",
       "         9.970732 ,  9.968239 ,  9.960938 ,  9.949291 ,  9.933877 ,\n",
       "         9.915251 ,  9.893887 ,  9.870162 ,  9.84437  ,  9.816736 ,\n",
       "         9.787436 ,  9.756606 ,  9.724355 ,  9.690767 ,  9.655914 ,\n",
       "         9.619851 ],\n",
       "       [ 9.606496 ,  9.64208  ,  9.676405 ,  9.709404 ,  9.741003 ,\n",
       "         9.771105 ,  9.799592 ,  9.826319 ,  9.851104 ,  9.87372  ,\n",
       "         9.893887 ,  9.9112625,  9.925451 ,  9.936024 ,  9.942571 ,\n",
       "         9.944791 ,  9.942571 ,  9.936024 ,  9.925451 ,  9.9112625,\n",
       "         9.893887 ,  9.87372  ,  9.851104 ,  9.826319 ,  9.799592 ,\n",
       "         9.771105 ,  9.741003 ,  9.709404 ,  9.676405 ,  9.64208  ,\n",
       "         9.606496 ],\n",
       "       [ 9.590921 ,  9.6259775,  9.659721 ,  9.692085 ,  9.722983 ,\n",
       "         9.752316 ,  9.77996  ,  9.805766 ,  9.829553 ,  9.851104 ,\n",
       "         9.870162 ,  9.88643  ,  9.899582 ,  9.9092865,  9.915251 ,\n",
       "         9.917263 ,  9.915251 ,  9.9092865,  9.899582 ,  9.88643  ,\n",
       "         9.870162 ,  9.851104 ,  9.829553 ,  9.805766 ,  9.77996  ,\n",
       "         9.752316 ,  9.722983 ,  9.692085 ,  9.659721 ,  9.6259775,\n",
       "         9.590921 ],\n",
       "       [ 9.573213 ,  9.607703 ,  9.640833 ,  9.672527 ,  9.702701 ,\n",
       "         9.731246 ,  9.758041 ,  9.78294  ,  9.805766 ,  9.826319 ,\n",
       "         9.84437  ,  9.859664 ,  9.871937 ,  9.880932 ,  9.88643  ,\n",
       "         9.88828  ,  9.88643  ,  9.880932 ,  9.871937 ,  9.859664 ,\n",
       "         9.84437  ,  9.826319 ,  9.805766 ,  9.78294  ,  9.758041 ,\n",
       "         9.731246 ,  9.702701 ,  9.672527 ,  9.640833 ,  9.607703 ,\n",
       "         9.573213 ],\n",
       "       [ 9.553457 ,  9.5873575,  9.619851 ,  9.650861 ,  9.680299 ,\n",
       "         9.708059 ,  9.734021 ,  9.758041 ,  9.77996  ,  9.799592 ,\n",
       "         9.816736 ,  9.831178 ,  9.842701 ,  9.851104 ,  9.85622  ,\n",
       "         9.857939 ,  9.85622  ,  9.851104 ,  9.842701 ,  9.831178 ,\n",
       "         9.816736 ,  9.799592 ,  9.77996  ,  9.758041 ,  9.734021 ,\n",
       "         9.708059 ,  9.680299 ,  9.650861 ,  9.619851 ,  9.5873575,\n",
       "         9.553457 ],\n",
       "       [ 9.531743 ,  9.565039 ,  9.596886 ,  9.627207 ,  9.655914 ,\n",
       "         9.682904 ,  9.708059 ,  9.731246 ,  9.752316 ,  9.771105 ,\n",
       "         9.787436 ,  9.801129 ,  9.812008 ,  9.819911 ,  9.82471  ,\n",
       "         9.826319 ,  9.82471  ,  9.819911 ,  9.812008 ,  9.801129 ,\n",
       "         9.787436 ,  9.771105 ,  9.752316 ,  9.731246 ,  9.708059 ,\n",
       "         9.682904 ,  9.655914 ,  9.627207 ,  9.596886 ,  9.565039 ,\n",
       "         9.531743 ],\n",
       "       [ 9.508155 ,  9.54084  ,  9.5720415,  9.601681 ,  9.629671 ,\n",
       "         9.655914 ,  9.680299 ,  9.702701 ,  9.722983 ,  9.741003 ,\n",
       "         9.756606 ,  9.76964  ,  9.77996  ,  9.787436 ,  9.7919655,\n",
       "         9.793483 ,  9.7919655,  9.787436 ,  9.77996  ,  9.76964  ,\n",
       "         9.756606 ,  9.741003 ,  9.722983 ,  9.702701 ,  9.680299 ,\n",
       "         9.655914 ,  9.629671 ,  9.601681 ,  9.5720415,  9.54084  ,\n",
       "         9.508155 ],\n",
       "       [ 9.482775 ,  9.514853 ,  9.545414 ,  9.574385 ,  9.601681 ,\n",
       "         9.627207 ,  9.650861 ,  9.672527 ,  9.692085 ,  9.709404 ,\n",
       "         9.724355 ,  9.736806 ,  9.746637 ,  9.753743 ,  9.758041 ,\n",
       "         9.75948  ,  9.758041 ,  9.753743 ,  9.746637 ,  9.736806 ,\n",
       "         9.724355 ,  9.709404 ,  9.692085 ,  9.672527 ,  9.650861 ,\n",
       "         9.627207 ,  9.601681 ,  9.574385 ,  9.545414 ,  9.514853 ,\n",
       "         9.482775 ],\n",
       "       [ 9.455678 ,  9.487156 ,  9.517092 ,  9.545414 ,  9.5720415,\n",
       "         9.596886 ,  9.619851 ,  9.640833 ,  9.659721 ,  9.676405 ,\n",
       "         9.690767 ,  9.702701 ,  9.712102 ,  9.718885 ,  9.722983 ,\n",
       "         9.724355 ,  9.722983 ,  9.718885 ,  9.712102 ,  9.702701 ,\n",
       "         9.690767 ,  9.676405 ,  9.659721 ,  9.640833 ,  9.619851 ,\n",
       "         9.596886 ,  9.5720415,  9.545414 ,  9.517092 ,  9.487156 ,\n",
       "         9.455678 ],\n",
       "       [ 9.426937 ,  9.4578285,  9.487156 ,  9.514853 ,  9.54084  ,\n",
       "         9.565039 ,  9.5873575,  9.607703 ,  9.6259775,  9.64208  ,\n",
       "         9.655914 ,  9.667384 ,  9.676405 ,  9.682904 ,  9.686827 ,\n",
       "         9.688138 ,  9.686827 ,  9.682904 ,  9.676405 ,  9.667384 ,\n",
       "         9.655914 ,  9.64208  ,  9.6259775,  9.607703 ,  9.5873575,\n",
       "         9.565039 ,  9.54084  ,  9.514853 ,  9.487156 ,  9.4578285,\n",
       "         9.426937 ],\n",
       "       [ 9.396618 ,  9.426937 ,  9.455678 ,  9.482775 ,  9.508155 ,\n",
       "         9.531743 ,  9.553457 ,  9.573213 ,  9.590921 ,  9.606496 ,\n",
       "         9.619851 ,  9.630905 ,  9.639586 ,  9.645834 ,  9.649602 ,\n",
       "         9.650861 ,  9.649602 ,  9.645834 ,  9.639586 ,  9.630905 ,\n",
       "         9.619851 ,  9.606496 ,  9.590921 ,  9.573213 ,  9.553457 ,\n",
       "         9.531743 ,  9.508155 ,  9.482775 ,  9.455678 ,  9.426937 ,\n",
       "         9.396618 ]], dtype=float32)"
      ]
     },
     "execution_count": 7,
     "metadata": {},
     "output_type": "execute_result"
    }
   ],
   "source": [
    "dx=2000\n",
    "nx=31\n",
    "ny=31\n",
    "x = dx*numpy.arange(nx,dtype='float32')\n",
    "y = dx*numpy.arange(ny,dtype='float32')\n",
    "\n",
    "halfarDome(100,x,y,1.0**16,910)"
   ]
  },
  {
   "cell_type": "code",
   "execution_count": null,
   "id": "80614ec9-1fbb-4c99-93ae-601d3bb64fac",
   "metadata": {},
   "outputs": [],
   "source": []
  }
 ],
 "metadata": {
  "kernelspec": {
   "display_name": "Python 3 (ipykernel)",
   "language": "python",
   "name": "python3"
  },
  "language_info": {
   "codemirror_mode": {
    "name": "ipython",
    "version": 3
   },
   "file_extension": ".py",
   "mimetype": "text/x-python",
   "name": "python",
   "nbconvert_exporter": "python",
   "pygments_lexer": "ipython3",
   "version": "3.11.4"
  }
 },
 "nbformat": 4,
 "nbformat_minor": 5
}
